Webots Project File version R2024a
perspectives: 000000ff00000000fd0000000200000001000001320000030efc0200000001fb0000001400540065007800740045006400690074006f007201000000000000030e0000008b00ffffff000000030000064f000000d8fc0100000001fb0000001a0043006f006e0073006f006c00650041006c006c0041006c006c01000000000000064f0000008700ffffff0000051b0000030e00000001000000020000000100000008fc00000000
simulationViewPerspectives: 000000ff0000000100000002000000fc0000046b0100000002010000000100
sceneTreePerspectives: 000000ff00000001000000030000001e000000c0000000fc0100000002010000000200
maximizedDockId: -1
centralWidgetVisible: 1
orthographicViewHeight: 1
textFiles: 0 "controllers/Lab11Controller/Lab11Controller.java" "controllers/Lab11Controller/Map.java" "controllers/Lab11Controller/MapperApp.java"
consoles: Console:All:All
renderingDevicePerspectives: Khepera III:display;1;1.9975;0.155939;0.0979915
