Webots Project File version R2023a
perspectives: 000000ff00000000fd00000003000000000000000000000000fc0100000001fb0000001a0044006f00630075006d0065006e0074006100740069006f006e0000000000ffffffff000000000000000000000001000003da000005c1fc0200000001fb0000001400540065007800740045006400690074006f00720100000019000005c1000000a100ffffff0000000300000a30000000f3fc0100000001fb0000001a0043006f006e0073006f006c00650041006c006c0041006c006c010000000000000a300000005400ffffff00000650000005c100000001000000020000000100000008fc00000000
simulationViewPerspectives: 000000ff000000010000000200000118000003320100000006010000000100
sceneTreePerspectives: 000000ff0000000100000003000000c0000000fc000000000100000006010000000200
maximizedDockId: -1
centralWidgetVisible: 1
orthographicViewHeight: 1
textFiles: 0 "controllers/Lab21Controller/Lab21Controller.java" "controllers/Lab21Controller/MapperApp.java" "controllers/Lab21Controller/VectorMap.java" "controllers/Lab21Controller/Node.java" "controllers/Lab21Controller/Edge.java"
consoles: Console:All:All
renderingDevicePerspectives: Khepera III:display;1;0.446667;0.126403;0.237072
