Webots Project File version R2023a
perspectives: 000000ff00000000fd000000020000000100000248000005dcfc0200000001fb0000001400540065007800740045006400690074006f00720100000019000005dc000000a100ffffff0000000300000a30000000d8fc0100000001fb0000001a0043006f006e0073006f006c00650041006c006c0041006c006c010000000000000a300000005400ffffff000007e2000005dc00000001000000020000000100000008fc00000000
simulationViewPerspectives: 000000ff000000010000000200000118000007a10100000006010000000100
sceneTreePerspectives: 000000ff00000001000000030000001b000000c0000000000100000006010000000200
maximizedDockId: -1
centralWidgetVisible: 1
projectionMode: ORTHOGRAPHIC
orthographicViewHeight: 14.421
textFiles: 0 "controllers/Lab22Controller/Lab22Controller.java"
consoles: Console:All:All
renderingDevicePerspectives: Pioneer 3-DX:display;1;0.466;0.211317;0.151978
