Webots Project File version R2024a
perspectives: 000000ff00000000fd0000000200000001000002480000030efc0200000001fb0000001400540065007800740045006400690074006f007201000000000000030e0000008a00ffffff0000000300000780000000d8fc0100000001fb0000001a0043006f006e0073006f006c00650041006c006c0041006c006c0100000000000007800000008700ffffff000005360000030e00000001000000020000000100000008fc00000000
simulationViewPerspectives: 000000ff0000000100000002000000fc0000050c0100000002010000000100
sceneTreePerspectives: 000000ff00000001000000030000001e00000262000000fa0100000002010000000200
maximizedDockId: -1
centralWidgetVisible: 1
projectionMode: ORTHOGRAPHIC
orthographicViewHeight: 11.0176
textFiles: 0 "controllers/Lab22Controller/Lab22Controller.java"
consoles: Console:All:All
renderingDevicePerspectives: Pioneer 3-DX:display;1;0.82081;0.195503;0.0498615
