Webots Project File version R2024a
perspectives: 000000ff00000000fd0000000200000001000001670000029ffc0200000001fb0000001400540065007800740045006400690074006f007201000000000000029f0000008b00ffffff00000003000004d6000000d8fc0100000001fb0000001a0043006f006e0073006f006c00650041006c006c0041006c006c0100000000000004d60000008700ffffff0000036d0000029f00000001000000020000000100000008fc00000000
simulationViewPerspectives: 000000ff0000000100000002000001180000043a0100000002010000000100
sceneTreePerspectives: 000000ff00000001000000030000001e00000262000000fa0100000002010000000200
maximizedDockId: -1
centralWidgetVisible: 1
orthographicViewHeight: 1
textFiles: 1 "controllers/Lab12Controller/Lab12Controller.java" "controllers/Lab12Controller/Map.java"
consoles: Console:All:All
renderingDevicePerspectives: Khepera III:display;1;1.3175;0.0252101;0.0605565
