Webots Project File version R2023a
perspectives: 000000ff00000000fd00000002000000010000038600000557fc0200000001fb0000001400540065007800740045006400690074006f0072010000001900000557000000a100ffffff00000003000009e2000000d8fc0100000001fb0000001a0043006f006e0073006f006c00650041006c006c0041006c006c0100000000000009e20000005400ffffff000006560000055700000001000000020000000100000008fc00000000
simulationViewPerspectives: 000000ff0000000100000002000001180000045c0100000006010000000100
sceneTreePerspectives: 000000ff00000001000000030000001b000000c0000000000100000006010000000200
maximizedDockId: -1
centralWidgetVisible: 1
orthographicViewHeight: 1
textFiles: 0 "controllers/Lab12Controller/Lab12Controller.java" "controllers/Lab12Controller/Map.java" "controllers/Lab12Controller/MapperApp.java"
consoles: Console:All:All
renderingDevicePerspectives: Khepera III:display;1;0.646667;0.191617;0.256116
