Webots Project File version R2024a
perspectives: 000000ff00000000fd00000002000000010000013c0000029ffc0200000001fb0000001400540065007800740045006400690074006f007201000000000000029f0000008b00ffffff0000000300000533000000d8fc0100000001fb0000001a0043006f006e0073006f006c00650041006c006c0041006c006c0100000000000005330000008700ffffff000003f50000029f00000001000000020000000100000008fc00000000
simulationViewPerspectives: 000000ff0000000100000002000001180000045c0100000002010000000100
sceneTreePerspectives: 000000ff000000010000000300000021000000c0000000fa0100000002010000000200
maximizedDockId: -1
centralWidgetVisible: 1
orthographicViewHeight: 1
textFiles: 0 "controllers/Lab12Controller/Lab12Controller.java" "controllers/Lab12Controller/Map.java" "controllers/Lab12Controller/MapperApp.java"
consoles: Console:All:All
renderingDevicePerspectives: Khepera III:display;1;1.59228;0.0369357;0.128175
