Webots Project File version R2024a
perspectives: 000000ff00000000fd0000000200000001000001610000030efc0200000001fb0000001400540065007800740045006400690074006f007201000000000000030e0000008a00ffffff0000000300000742000000d8fc0100000001fb0000001a0043006f006e0073006f006c00650041006c006c0041006c006c0100000000000007420000008700ffffff000005df0000030e00000001000000020000000100000008fc00000000
simulationViewPerspectives: 000000ff0000000100000002000001180000021e0100000002010000000100
sceneTreePerspectives: 000000ff00000001000000030000001e000002d1000000fa0100000002010000000200
maximizedDockId: -1
centralWidgetVisible: 1
orthographicViewHeight: 1
textFiles: 0 "controllers/Lab19Controller/LocationEstimator.java"
consoles: Console:All:All
renderingDevicePerspectives: Khepera III:display;1;1.99667;0.171086;0.0294581
