Webots Project File version R2023a
perspectives: 000000ff00000000fd00000002000000010000039d00000556fc0200000001fb0000001400540065007800740045006400690074006f0072010000001900000556000000a100ffffff0000000300000a26000000d9fc0100000001fb0000001a0043006f006e0073006f006c00650041006c006c0041006c006c010000000000000a260000005400ffffff000006830000055600000001000000020000000100000008fc00000000
simulationViewPerspectives: 000000ff000000010000000200000118000007f80100000006010000000100
sceneTreePerspectives: 000000ff000000010000000300000440000000db000000000100000006010000000200
maximizedDockId: -1
centralWidgetVisible: 1
orthographicViewHeight: 1
textFiles: 0 "controllers/Lab19Controller/LocationEstimator.java"
consoles: Console:All:All
renderingDevicePerspectives: Khepera III:display;1;1;0.195511;0.23948
