Webots Project File version R2024a
perspectives: 000000ff00000000fd00000002000000010000016a0000030efc0200000001fb0000001400540065007800740045006400690074006f007201000000000000030e0000008b00ffffff00000003000006b8000000d8fc0100000001fb0000001a0043006f006e0073006f006c00650041006c006c0041006c006c0100000000000006b80000008700ffffff0000054c0000030e00000001000000020000000100000008fc00000000
simulationViewPerspectives: 000000ff0000000100000002000000fc000003e50100000002010000000100
sceneTreePerspectives: 000000ff00000001000000030000001e000000c0000000000100000002010000000200
maximizedDockId: -1
centralWidgetVisible: 1
orthographicViewHeight: 1
textFiles: 0 "controllers/Lab10Controller/Lab10Controller.java" "controllers/Lab10Controller/Map.java" "controllers/Lab10Controller/MapperApp.java"
consoles: Console:All:All
renderingDevicePerspectives: Khepera III:display;1;1.61;0.340689;0.15916
