Webots Project File version R2023a
perspectives: 000000ff00000000fd000000020000000100000336000004e3fc0200000001fb0000001400540065007800740045006400690074006f00720100000019000004e3000000a100ffffff00000003000008e4000000d8fc0100000001fb0000001a0043006f006e0073006f006c00650041006c006c0041006c006c0100000000000008e40000005400ffffff000005a8000004e300000001000000020000000100000008fc00000000
simulationViewPerspectives: 000000ff000000010000000200000118000004cc0100000006010000000100
sceneTreePerspectives: 000000ff00000001000000030000001b000000c0000000000100000006010000000200
maximizedDockId: -1
centralWidgetVisible: 1
orthographicViewHeight: 1
textFiles: 0 "controllers/Lab10Controller/Lab10Controller.java" "controllers/Lab10Controller/Map.java" "controllers/Lab10Controller/MapperApp.java"
consoles: Console:All:All
renderingDevicePerspectives: Khepera III:display;1;0.736667;0.030981;0.156879
