Webots Project File version R2023a
perspectives: 000000ff00000000fd00000002000000010000047300000541fc0200000001fb0000001400540065007800740045006400690074006f0072010000001900000541000000a100ffffff0000000300000a3000000173fc0100000001fb0000001a0043006f006e0073006f006c00650041006c006c0041006c006c010000000000000a300000005400ffffff000005b70000054100000001000000020000000100000008fc00000000
simulationViewPerspectives: 000000ff000000010000000200000118000004810100000006010000000100
sceneTreePerspectives: 000000ff00000001000000030000001b000000c0000000000100000006010000000200
maximizedDockId: -1
centralWidgetVisible: 1
orthographicViewHeight: 1
textFiles: 0 "controllers/Lab20Controller/Lab20Controller.java"
consoles: Console:All:All
renderingDevicePerspectives: Khepera III:display;1;2.56;0.0644007;0.201163
